Position (um), Energy (eV)
                   0,        1.14501690532
      0.331537038818,        1.14501690532
      0.646497225694,        1.14501690532
      0.945709403227,        1.14501690531
       1.22996097188,        1.14501690523
       1.49999996211,         1.1450169037
       1.58001465405,        1.14501689826
        1.6560286114,        1.14501688385
       1.72824187087,         1.1450168448
       1.79684446738,        1.14501674319
       1.86201693406,        1.14501649071
        1.9239307774,        1.14501589091
       1.98274892858,        1.14501452629
        2.0386261722,        1.14501154769
       2.09170955364,        1.14500529919
         2.142138766,        1.14499267988
       2.19004651775,        1.14496810484
       2.23555888191,         1.1449218865
       2.27879562786,        1.14483782312
       2.31987053652,        1.14468977075
       2.35889169974,        1.14443701883
        2.3959618048,        1.14401843628
       2.43117840461,        1.14334567593
       2.46463417443,        1.14229630444
       2.49641715575,        1.14070861066
       2.52661098801,        1.13838091833
       2.55529512866,        1.13507899632
       2.58254506228,        1.13055461249
       2.60843249921,        1.12457526966
        2.6330255643,        1.11695971637
       2.65638897613,        1.10760862537
       2.67858421737,        1.09651939992
       2.69966969655,        1.08378039201
       2.71970090177,        1.06954897922
       2.73873054673,        1.05402338974
       2.75680870944,        1.03741726681
       2.77398296402,        1.01994144799
       2.79029850587,        1.00179324348
       2.80579827062,       0.983151405277
       2.82052304714,       0.964174656781
       2.83451158483,       0.945002139176
       2.84780069564,       0.925754744113
        2.8604253509,       0.906536768283
        2.8724187734,        0.88743761187
       2.88381252478,       0.868533397528
       2.89463658859,       0.849888462942
       2.90491944921,       0.831556715189
        2.9146881668,       0.813582850141
       2.92396844851,          0.796003446
       2.93278471613,       0.778847941768
       2.94116017037,       0.762139511531
        2.9491168519,       0.745895844832
       2.95667569935,       0.730129842591
       2.96385660443,       0.714850237146
       2.97067846426,        0.70006214422
       2.97715923109,       0.685767553785
       2.98331595959,       0.671965766173
       2.98916485166,       0.658653779096
       2.99472129912,       0.645826630687
       2.99999992421,        0.63347770318
       3.00000202609,       0.633472785999
       3.00000435918,       0.633467327958
        3.0000069489,       0.633461269569
        3.0000098235,       0.633454544801
        3.0000130143,       0.633447080365
       3.00001655609,       0.633438794908
       3.00002048747,       0.633429598135
       3.00002485131,        0.63341938982
       3.00002969517,       0.633408058718
       3.00003507186,       0.633395481351
       3.00004103998,       0.633381520667
       3.00004766459,       0.633366024546
       3.00005501791,       0.633348824144
        3.0000631801,        0.63332973206
       3.00007224012,       0.633308540291
       3.00008229675,       0.633285017977
       3.00009345961,       0.633258908883
       3.00010585038,       0.633229928621
       3.00011960414,       0.633197761556
       3.00013487081,       0.633162057378
       3.00015181682,       0.633122427297
       3.00017062688,       0.633078439826
       3.00019150606,       0.633029616096
       3.00021468194,       0.632975424669
       3.00024040717,       0.632915275773
       3.00026896217,       0.632848514919
       3.00030065823,       0.632774415818
       3.00033584085,       0.632692172528
       3.00037489355,       0.632600890745
       3.00041824206,       0.632499578154
        3.0004663589,       0.632387133731
        3.0005197686,       0.632262335889
       3.00057905336,        0.63212382934
       3.00064485945,        0.63197011055
        3.0007179042,       0.631799511623
       3.00079898388,       0.631610182458
       3.00088898232,       0.631400071001
       3.00098888059,       0.631166901393
       3.00109976767,       0.630908149797
       3.00122285233,       0.630621017667
        3.0013594763,        0.63030240221
       3.00151112891,       0.629948863751
       3.00167946331,       0.629556589701
       3.00186631449,       0.629121354805
        3.0020737193,       0.628638477306
       3.00230393864,       0.628102770653
        3.0025594821,       0.627508490336
       3.00284313535,       0.626849275433
       3.00315799046,       0.626118084392
       3.00350747962,       0.625307124592
        3.0038954126,       0.624407775178
        3.0043260182,       0.623410502679
       3.00480399041,       0.622304768897
       3.00533453957,       0.621078930591
       3.00592344914,       0.619720130494
       3.00657713877,       0.618214179253
       3.00730273425,       0.616545427989
       3.00810814523,       0.614696631253
       3.00900215142,       0.612648800379
       3.00999449829,       0.610381047418
       3.01109600332,       0.607870420194
        3.0123186739,       0.605091729421
       3.01367583824,       0.602017369384
       3.01518229067,       0.598617134381
       3.01685445286,       0.594858034074
       3.01871055289,        0.59070411204
       3.02077082392,       0.586116273357
       3.02305772476,       0.581052128923
        3.0255961847,       0.575465866651
       3.02841387524,       0.569308162697
       3.03154151173,       0.562526149725
       3.03501318824,        0.55506346396
       3.03886674916,       0.546860398808
       3.04314420178,       0.537854200312
       3.04789217419,       0.527979549004
       3.05316242357,       0.517169284424
       3.05901240038,       0.505355442973
       3.06550587463,        0.49247069783
       3.07271363106,       0.478450311944
       3.08071424069,       0.463234742853
       3.08959491738,       0.446773072403
       3.09945246851,       0.429027476899
       3.11039435026,        0.40997900561
       3.12253983901,       0.389634999755
       3.13602133152,        0.36803856149
        3.1509857882,       0.345280571562
       3.16759633512,       0.321514842358
       3.18603404219,       0.296977027573
       3.20649989705,       0.272007705396
       3.22921699594,       0.247079013485
       3.25443297571,       0.222820650928
       3.28242271326,       0.200031186647
       3.31349132193,       0.179640040012
       3.34797747756,       0.162563585654
       3.38625711031,       0.149429396331
       3.42874750265,       0.140289176863
       3.47591183816,       0.134571164815
       3.52826425058,       0.131351100727
       3.58637542835,       0.129711778396
       3.65087883569,       0.128955352753
       3.72247761783,       0.128639284418
       3.80195226601,       0.128520181951
       3.89016912548,        0.12847996315
        3.9880898395,       0.128467885119
       4.09678183206,       0.128464685804
       4.21742994381,        0.12846394453
       4.35134934784,       0.128463795595
       4.49999988632,       0.128463770304
       4.59423799897,       0.128463766705
       4.69318801725,       0.128463765717
       4.79708553645,       0.128463765462
       4.90617793161,       0.128463765399
       5.02072494652,       0.128463765385
       5.14099931218,       0.128463765382
       5.26728739613,       0.128463765381
       5.39988988427,       0.128463765381
       5.53912249682,       0.128463765381
       5.68531673999,       0.128463765381
       5.83882069533,       0.128463765381
       5.99999984843,       0.128463765381