Position (um), Energy (eV)
                   0,       0.508276569968
      0.331537038818,       0.508276569968
      0.646497225694,       0.508276569968
      0.945709403227,       0.508276569964
       1.22996097188,       0.508276569881
       1.49999996211,       0.508276568353
       1.58001465405,       0.508276562908
        1.6560286114,       0.508276548497
       1.72824187087,       0.508276509448
       1.79684446738,       0.508276407844
       1.86201693406,       0.508276155363
        1.9239307774,       0.508275555559
       1.98274892858,       0.508274190941
        2.0386261722,       0.508271212338
       2.09170955364,       0.508264963838
         2.142138766,       0.508252344533
       2.19004651775,       0.508227769491
       2.23555888191,       0.508181551147
       2.27879562786,       0.508097487768
       2.31987053652,       0.507949435403
       2.35889169974,       0.507696683482
        2.3959618048,       0.507278100934
       2.43117840461,       0.506605340579
       2.46463417443,       0.505555969092
       2.49641715575,       0.503968275312
       2.52661098801,       0.501640582976
       2.55529512866,       0.498338660972
       2.58254506228,       0.493814277142
       2.60843249921,       0.487834934313
        2.6330255643,       0.480219381018
       2.65638897613,       0.470868290018
       2.67858421737,       0.459779064568
       2.69966969655,       0.447040056665
       2.71970090177,        0.43280864387
       2.73873054673,       0.417283054388
       2.75680870944,       0.400676931461
       2.77398296402,       0.383201112641
       2.79029850587,       0.365052908127
       2.80579827062,       0.346411069928
       2.82052304714,       0.327434321432
       2.83451158483,       0.308261803826
       2.84780069564,       0.289014408763
        2.8604253509,       0.269796432934
        2.8724187734,       0.250697276521
       2.88381252478,       0.231793062178
       2.89463658859,       0.213148127593
       2.90491944921,       0.194816379839
        2.9146881668,       0.176842514791
       2.92396844851,        0.15926311065
       2.93278471613,       0.142107606419
       2.94116017037,       0.125399176181
        2.9491168519,       0.109155509483
       2.95667569935,      0.0933895072412
       2.96385660443,       0.078109901797
       2.97067846426,      0.0633218088703
       2.97715923109,      0.0490272184351
       2.98331595959,      0.0352254308237
       2.98916485166,      0.0219134437462
       2.99472129912,     0.00908629533764
       2.99999992421,    -0.00326263216925
       3.00000202609,    -0.00326754935008
       3.00000435918,    -0.00327300739129
        3.0000069489,    -0.00327906578066
        3.0000098235,    -0.00328579054807
        3.0000130143,    -0.00329325498469
       3.00001655609,    -0.00330154044132
       3.00002048747,    -0.00331073721438
       3.00002485131,    -0.00332094552923
       3.00002969517,    -0.00333227663149
       3.00003507186,    -0.00334485399826
       3.00004103998,    -0.00335881468225
       3.00004766459,    -0.00337431080353
       3.00005501791,    -0.00339151120499
        3.0000631801,    -0.00341060328938
       3.00007224012,      -0.003431795058
       3.00008229675,     -0.0034553173728
       3.00009345961,    -0.00348142646661
       3.00010585038,    -0.00351040672829
       3.00011960414,    -0.00354257379311
       3.00013487081,    -0.00357827797134
       3.00015181682,    -0.00361790805217
       3.00017062688,    -0.00366189552349
       3.00019150606,    -0.00371071925299
       3.00021468194,    -0.00376491068048
       3.00024040717,     -0.0038250595768
       3.00026896217,    -0.00389182043069
       3.00030065823,    -0.00396591953137
       3.00033584085,     -0.0040481628217
       3.00037489355,    -0.00413944460483
       3.00041824206,     -0.0042407571957
        3.0004663589,    -0.00435320161842
        3.0005197686,    -0.00447799946093
       3.00057905336,    -0.00461650600956
       3.00064485945,    -0.00477022479898
        3.0007179042,    -0.00494082372605
       3.00079898388,    -0.00513015289146
       3.00088898232,    -0.00534026434853
       3.00098888059,    -0.00557343395633
       3.00109976767,     -0.0058321855526
       3.00122285233,    -0.00611931768235
        3.0013594763,    -0.00643793313907
       3.00151112891,    -0.00679147159851
       3.00167946331,    -0.00718374564868
       3.00186631449,    -0.00761898054476
        3.0020737193,    -0.00810185804337
       3.00230393864,    -0.00863756469668
        3.0025594821,    -0.00923184501313
       3.00284313535,    -0.00989105991628
       3.00315799046,     -0.0106222509575
       3.00350747962,     -0.0114332107579
        3.0038954126,     -0.0123325601716
        3.0043260182,     -0.0133298326706
       3.00480399041,     -0.0144355664525
       3.00533453957,      -0.015661404758
       3.00592344914,     -0.0170202048554
       3.00657713877,      -0.018526156096
       3.00730273425,     -0.0201949073606
       3.00810814523,     -0.0220437040962
       3.00900215142,       -0.02409153497
       3.00999449829,     -0.0263592879312
       3.01109600332,     -0.0288699151558
        3.0123186739,     -0.0316486059286
       3.01367583824,     -0.0347229659656
       3.01518229067,     -0.0381232009682
       3.01685445286,     -0.0418823012759
       3.01871055289,     -0.0460362233097
       3.02077082392,     -0.0506240619924
       3.02305772476,      -0.055688206426
        3.0255961847,     -0.0612744686989
       3.02841387524,     -0.0674321726525
       3.03154151173,      -0.074214185624
       3.03501318824,     -0.0816768713899
       3.03886674916,      -0.089879936541
       3.04314420178,     -0.0988861350374
       3.04789217419,      -0.108760786345
       3.05316242357,      -0.119571050926
       3.05901240038,      -0.131384892377
       3.06550587463,       -0.14426963752
       3.07271363106,      -0.158290023405
       3.08071424069,      -0.173505592496
       3.08959491738,      -0.189967262946
       3.09945246851,       -0.20771285845
       3.11039435026,      -0.226761329739
       3.12253983901,      -0.247105335594
       3.13602133152,       -0.26870177386
        3.1509857882,      -0.291459763787
       3.16759633512,      -0.315225492991
       3.18603404219,      -0.339763307777
       3.20649989705,      -0.364732629953
       3.22921699594,      -0.389661321864
       3.25443297571,      -0.413919684421
       3.28242271326,      -0.436709148702
       3.31349132193,      -0.457100295337
       3.34797747756,      -0.474176749695
       3.38625711031,      -0.487310939018
       3.42874750265,      -0.496451158486
       3.47591183816,      -0.502169170535
       3.52826425058,      -0.505389234622
       3.58637542835,      -0.507028556953
       3.65087883569,      -0.507784982597
       3.72247761783,      -0.508101050931
       3.80195226601,      -0.508220153398
       3.89016912548,        -0.5082603722
        3.9880898395,       -0.50827245023
       4.09678183206,      -0.508275649546
       4.21742994381,      -0.508276390819
       4.35134934784,      -0.508276539755
       4.49999988632,      -0.508276565045
       4.59423799897,      -0.508276568645
       4.69318801725,      -0.508276569632
       4.79708553645,      -0.508276569888
       4.90617793161,       -0.50827656995
       5.02072494652,      -0.508276569964
       5.14099931218,      -0.508276569968
       5.26728739613,      -0.508276569968
       5.39988988427,      -0.508276569968
       5.53912249682,      -0.508276569968
       5.68531673999,      -0.508276569968
       5.83882069533,      -0.508276569968
       5.99999984843,      -0.508276569968