------------------------------------------------------------
 Transmission Peak(TM)
------------------------------------------------------------
Occurrence, Resonance Energy (eV)
                   1,             0.213676
                   2,             0.214465
                   3,             0.215732
                   4,             0.217402
                   5,             0.219355
                   6,             0.221436
                   7,             0.223438
                   8,             0.225125
                   9,              0.22626
                  10,             0.349258
                  11,             0.353125
                  12,                 0.36
                  13,               0.3675
                  14,               0.3725
                  15,               0.3775
                  16,                 0.39

