------------------------------------------------------------
 Transmission Peak(TM)
------------------------------------------------------------
Occurrence, Resonance Energy (eV)
                   1,             0.215044
                   2,             0.215173
                   3,             0.215307
                   4,             0.215445
                   5,             0.215587
                   6,             0.215733
                   7,             0.215883
                   8,             0.216038
                   9,             0.216196
                  10,             0.216358
                  11,             0.216523
                  12,             0.216692
                  13,             0.216865
                  14,              0.21704
                  15,             0.217219
                  16,             0.217401
                  17,             0.217586
                  18,             0.217773
                  19,             0.217963
                  20,             0.218156
                  21,             0.218351
                  22,             0.218548
                  23,             0.218747
                  24,             0.218948
                  25,              0.21915
                  26,             0.219354
                  27,             0.219559
                  28,             0.219766
                  29,             0.219973
                  30,             0.220181
                  31,              0.22039
                  32,             0.220599
                  33,             0.220807
                  34,             0.221017
                  35,             0.221226
                  36,             0.221434
                  37,             0.221641
                  38,             0.221848
                  39,             0.222053
                  40,             0.222256
                  41,             0.222458
                  42,             0.222659
                  43,             0.222857
                  44,             0.223052
                  45,             0.223245
                  46,             0.223435
                  47,             0.223622
                  48,             0.223806
                  49,             0.223986
                  50,             0.224162
                  51,             0.224334
                  52,             0.224502
                  53,             0.224665
                  54,             0.224823
                  55,             0.224976
                  56,             0.225123
                  57,             0.225266
                  58,             0.225402
                  59,             0.225532
                  60,             0.225656
                  61,             0.225774
                  62,             0.225885
                  63,             0.225989
                  64,             0.226087
                  65,             0.226177
                  66,              0.22626
                  67,             0.226335
                  68,             0.226403
                  69,             0.226463
                  70,             0.226516
                  71,              0.22656
                  72,             0.226596
                  73,             0.226625
                  74,             0.226645
                  75,             0.226658
                  76,             0.347938
                  77,             0.347978
                  78,             0.348044
                  79,             0.348137
                  80,             0.348256
                  81,             0.348401
                  82,             0.348572
                  83,              0.34877
                  84,             0.348994
                  85,             0.349243
                  86,             0.349517
                  87,             0.349814
                  88,             0.350146
                  89,             0.350488
                  90,             0.350869
                  91,              0.35127
                  92,             0.351699
                  93,             0.352148
                  94,             0.352617
                  95,             0.353105
                  96,             0.353633
                  97,              0.35418
                  98,             0.354727
                  99,             0.355352
                 100,             0.355938
                 101,             0.356563
                 102,             0.357227
                 103,             0.357891
                 104,             0.358594
                 105,             0.359297
                 106,                 0.36
                 107,             0.360859
                 108,             0.361562
                 109,             0.362344
                 110,             0.363125
                 111,             0.364063
                 112,                0.365
                 113,             0.365625
                 114,               0.3675
                 115,               0.3725
                 116,             0.395313
                 117,             0.396406
                 118,             0.397656
                 119,             0.398906
                 120,             0.400156
                 121,             0.401406
                 122,             0.402656
                 123,             0.403906
                 124,             0.405156
                 125,             0.406406
                 126,             0.407656
                 127,             0.408906
                 128,             0.410156
                 129,             0.411406
                 130,             0.412578
                 131,             0.413789
                 132,             0.414961
                 133,             0.416133
                 134,             0.417266
                 135,             0.418398
                 136,             0.419492
                 137,             0.420547
                 138,             0.421563
                 139,             0.422539
                 140,             0.423457
                 141,             0.424336
                 142,             0.425146
                 143,             0.425889
                 144,             0.426572
                 145,             0.427173
                 146,             0.427695
                 147,             0.428127
                 148,              0.42847
                 149,             0.428719
                 150,             0.428869
                 151,             0.492302
                 152,             0.492488
                 153,             0.492795
                 154,             0.493223
                 155,              0.49377
                 156,             0.494424
                 157,             0.495176
                 158,             0.496035
                 159,             0.496992
                 160,             0.498027
                 161,              0.49918
                 162,             0.500352
                 163,             0.501641
                 164,             0.502969
                 165,             0.504375
                 166,             0.505859
                 167,             0.507344
                 168,             0.508906
                 169,             0.510547
                 170,             0.512188
                 171,             0.513906
                 172,             0.515625
                 173,             0.517344
                 174,             0.519375
                 175,             0.520938
                 176,             0.522969
                 177,             0.524844
                 178,             0.526875
                 179,              0.52875
                 180,             0.530625
                 181,             0.532812
                 182,             0.534687
                 183,             0.536875
                 184,              0.53875
                 185,              0.54125
                 186,                0.545
                 187,                0.565
                 188,                 0.59
                 189,             0.640625
                 190,             0.643438
                 191,             0.645938
                 192,             0.648438
                 193,             0.650938
                 194,              0.65375
                 195,             0.655938
                 196,             0.658594
                 197,             0.660938
                 198,             0.663438
                 199,             0.665781
                 200,             0.668125
                 201,             0.670469
                 202,             0.672813
                 203,             0.674922
                 204,             0.676953
                 205,             0.678906
                 206,             0.680703
                 207,             0.682305
                 208,             0.683691
                 209,             0.684834
                 210,             0.685684
                 211,             0.686208
                 212,             0.734572
                 213,             0.735132
                 214,             0.736035
                 215,             0.737246
                 216,              0.73875
                 217,             0.740469
                 218,             0.742422
                 219,             0.744531
                 220,             0.746797
                 221,             0.749141
                 222,             0.751562
                 223,             0.754219
                 224,             0.756719
                 225,             0.759531
                 226,             0.762188
                 227,                0.765
                 228,             0.767813
                 229,             0.770625
                 230,              0.77375
                 231,             0.776563
                 232,             0.779688
                 233,               0.7825
                 234,             0.785625
                 235,              0.78875
                 236,             0.791875
                 237,                0.795
                 238,             0.798125
                 239,              0.80125
                 240,             0.804375
                 241,               0.8075
                 242,             0.810625
                 243,              0.81375
                 244,             0.816875
                 245,                 0.82
                 246,              0.82375
                 247,                 0.83
                 248,                 0.84
                 249,                 0.85
                 250,                 0.86
                 251,                 0.87
                 252,                0.885
                 253,                0.895
                 254,                 0.91
                 255,                 0.92
                 256,                0.935
                 257,                0.955
                 258,                0.975
                 259,                 0.99
                 260,                1.005
                 261,              1.00875
                 262,               1.0125
                 263,              1.01625
                 264,                 1.02
                 265,              1.02375
                 266,              1.02687
                 267,              1.03062
                 268,              1.03406
                 269,              1.03734
                 270,              1.04047
                 271,              1.04328
                 272,              1.04555
                 273,              1.04706
                 274,              1.07683
                 275,               1.0784
                 276,               1.0807
                 277,              1.08352
                 278,              1.08672
                 279,              1.09016
                 280,              1.09375
                 281,               1.0975

